Best Hyperparameters:
learning_rate: 0.2117468907147683
num_leaves: 64
max_depth: 9
min_child_samples: 67
subsample: 0.8138316391944632
colsample_bytree: 0.6543768864994995
reg_alpha: 0.3411027446793164
reg_lambda: 0.110905331308557
n_estimators: 333

Best Score: 0.9994495566537831
