Best Hyperparameters:
learning_rate: 0.1418693712348676
num_leaves: 93
max_depth: 12
min_child_samples: 75
subsample: 0.7884650721308273
colsample_bytree: 0.8596671965546114
reg_alpha: 0.02109289810592904
reg_lambda: 1.6552239859588088e-06
n_estimators: 209
feature_fraction: 0.8271006742871947
bagging_fraction: 0.761809685719689
min_child_weight: 43

Best Accuracy: 1.0000
